0 0.17246447819696228 0.52490234375 0.05438510534051935 0.0751953125
0 0.2231749142577168 0.56005859375 0.05683488486036257 0.09375
0 0.27511024007839296 0.5517578125 0.04703576678098971 0.0771484375
0 0.3187163155316022 0.5625 0.030867221950024497 0.0517578125
0 0.42650661440470355 0.5361328125 0.041156295933366 0.0908203125
0 0.4764821166095051 0.53125 0.05585497305242528 0.1015625
0 0.5333170014698677 0.54150390625 0.05732484076433121 0.1015625
0 0.7773150416462519 0.52001953125 0.07643312101910828 0.076171875
1 0.6151396374326311 0.5517578125 0.024987751102400785 0.037109375
1 0.424546790788829 0.63818359375 0.028907398334149927 0.0283203125
1 0.5707986281234689 0.64501953125 0.02645761881430671 0.017578125