0 0.26616161616161615 0.3564102564102564 0.03771043771043771 0.06324786324786325
0 0.31262626262626264 0.3329059829059829 0.05084175084175084 0.10256410256410256
0 0.3501683501683502 0.36752136752136755 0.022895622895622896 0.06324786324786325
0 0.2808080808080808 0.4517094017094017 0.039057239057239054 0.05982905982905983
0 0.3265993265993266 0.45384615384615384 0.04781144781144781 0.05641025641025641
0 0.3653198653198653 0.45085470085470086 0.0265993265993266 0.05042735042735043
0 0.6457912457912458 0.3311965811965812 0.025925925925925925 0.07264957264957266
0 0.684006734006734 0.33205128205128204 0.04781144781144781 0.08205128205128205
0 0.7121212121212122 0.28931623931623934 0.018518518518518517 0.05982905982905983
0 0.7363636363636363 0.3217948717948718 0.025925925925925925 0.035897435897435895
0 0.661952861952862 0.4482905982905983 0.056902356902356906 0.09743589743589744
1 0.7282828282828283 0.2824786324786325 0.012457912457912458 0.04700854700854701