0 0.22773584905660377 0.44478260869565217 0.04943396226415094 0.07652173913043478
0 0.22452830188679246 0.552608695652174 0.05584905660377359 0.10521739130434783
0 0.349811320754717 0.5973913043478261 0.041132075471698115 0.13043478260869565
0 0.28679245283018867 0.4608695652173913 0.05660377358490566 0.09478260869565218
0 0.3328301886792453 0.4317391304347826 0.033962264150943396 0.10173913043478261
0 0.36377358490566036 0.42695652173913046 0.033962264150943396 0.0817391304347826
0 0.40358490566037736 0.4147826086956522 0.045660377358490566 0.08521739130434783
0 0.620188679245283 0.5517391304347826 0.03962264150943396 0.07304347826086957
0 0.6611320754716982 0.5465217391304348 0.03924528301886793 0.07304347826086957
0 0.7341509433962264 0.4226086956521739 0.0539622641509434 0.07652173913043478
0 0.7867924528301887 0.4191304347826087 0.038490566037735846 0.06956521739130435
1 0.31339622641509435 0.39695652173913043 0.016981132075471698 0.04608695652173913
1 0.6147169811320755 0.4056521739130435 0.007924528301886792 0.035652173913043476
1 0.49018867924528303 0.44782608695652176 0.009433962264150943 0.028695652173913042
1 0.5111320754716981 0.4504347826086956 0.010188679245283019 0.03391304347826087
0 0.4967924528301887 0.4308695652173913 0.010943396226415094 0.06260869565217392
0 0.5064150943396226 0.42695652173913046 0.007924528301886792 0.06782608695652174
0 0.5547169811320755 0.42434782608695654 0.008679245283018867 0.049565217391304345
1 0.5532075471698114 0.38956521739130434 0.01169811320754717 0.023478260869565216