0 0.263588850174216 0.49923076923076926 0.04878048780487805 0.09769230769230769
0 0.3921602787456446 0.5415384615384615 0.03170731707317073 0.07153846153846154
0 0.3925087108013937 0.41615384615384615 0.04425087108013937 0.08153846153846153
1 0.43344947735191636 0.42653846153846153 0.008013937282229966 0.05076923076923077
1 0.4559233449477352 0.42115384615384616 0.007317073170731708 0.055384615384615386
0 0.6541811846689896 0.4430769230769231 0.03554006968641115 0.07307692307692308
0 0.6855400696864111 0.5188461538461538 0.046341463414634146 0.045384615384615384
0 0.7360627177700348 0.49115384615384616 0.04111498257839721 0.045384615384615384
0 0.7219512195121951 0.4046153846153846 0.0397212543554007 0.1076923076923077
0 0.7573170731707317 0.40384615384615385 0.0264808362369338 0.08307692307692308
0 0.44529616724738674 0.42346153846153844 0.015331010452961672 0.05692307692307692
1 0.6545296167247386 0.5503846153846154 0.015331010452961672 0.033846153846153845