0 0.27322033898305087 0.3793233082706767 0.04135593220338983 0.08195488721804511
0 0.34983050847457625 0.3868421052631579 0.030847457627118643 0.05714285714285714
0 0.36966101694915254 0.35 0.010169491525423728 0.06541353383458647
1 0.3777966101694915 0.36466165413533835 0.008813559322033898 0.062406015037593986
0 0.61 0.38345864661654133 0.03830508474576271 0.06390977443609022
0 0.6972881355932203 0.38571428571428573 0.0464406779661017 0.07218045112781955
0 0.7566101694915254 0.40075187969924814 0.04711864406779661 0.058646616541353384
0 0.6320338983050847 0.5093984962406015 0.03254237288135593 0.05037593984962406
0 0.6747457627118644 0.5060150375939849 0.05152542372881356 0.06390977443609022
0 0.7403389830508474 0.5206766917293233 0.05593220338983051 0.08646616541353383
0 0.3052542372881356 0.5037593984962406 0.055254237288135596 0.07819548872180451
0 0.3545762711864407 0.4921052631578947 0.03762711864406779 0.04285714285714286
0 0.38813559322033897 0.5067669172932331 0.03830508474576271 0.04586466165413534
1 0.376271186440678 0.5394736842105263 0.029491525423728814 0.022556390977443608
1 0.7411864406779661 0.5616541353383459 0.019322033898305085 0.05037593984962406
1 0.25101694915254236 0.543609022556391 0.04576271186440678 0.05037593984962406