0 0.28491803278688527 0.44956521739130434 0.036721311475409836 0.05652173913043478
0 0.270327868852459 0.3782608695652174 0.04163934426229508 0.04695652173913043
0 0.3347540983606557 0.44782608695652176 0.03180327868852459 0.06086956521739131
0 0.3601639344262295 0.36782608695652175 0.020655737704918034 0.0408695652173913
0 0.39327868852459014 0.35695652173913045 0.026557377049180327 0.034782608695652174
0 0.59 0.4360869565217391 0.017704918032786884 0.03304347826086956
0 0.6213114754098361 0.44 0.018360655737704918 0.029565217391304348
0 0.6637704918032787 0.45260869565217393 0.0560655737704918 0.05478260869565217
0 0.7095081967213115 0.4508695652173913 0.029508196721311476 0.050434782608695654
0 0.6501639344262296 0.3717391304347826 0.014098360655737704 0.025217391304347827
0 0.690983606557377 0.37565217391304345 0.05311475409836065 0.05304347826086957
1 0.6604918032786885 0.3726086956521739 0.006885245901639345 0.058260869565217394
1 0.3160655737704918 0.45 0.008524590163934427 0.05391304347826087