0 0.24351851851851852 0.42333333333333334 0.03222222222222222 0.06166666666666667
0 0.2824074074074074 0.45 0.028888888888888888 0.05
0 0.31037037037037035 0.4475 0.01888888888888889 0.04833333333333333
0 0.3561111111111111 0.46 0.028148148148148148 0.05333333333333334
0 0.6227777777777778 0.4475 0.02962962962962963 0.0425
0 0.6857407407407408 0.41208333333333336 0.05555555555555555 0.08666666666666667
0 0.7501851851851852 0.40708333333333335 0.035555555555555556 0.05333333333333334
0 0.7401851851851852 0.5279166666666667 0.05037037037037037 0.0825
0 0.35518518518518516 0.5775 0.034074074074074076 0.04
0 0.2588888888888889 0.5404166666666667 0.043333333333333335 0.04833333333333333
1 0.3333333333333333 0.5870833333333333 0.011111111111111112 0.0475
0 0.6988888888888889 0.5670833333333334 0.055185185185185184 0.10166666666666667