0 0.4513793103448276 0.3477272727272727 0.04586206896551724 0.14636363636363636
0 0.31517241379310346 0.38545454545454544 0.04448275862068966 0.11454545454545455
0 0.39534482758620687 0.5109090909090909 0.042413793103448276 0.14272727272727273
0 0.4324137931034483 0.514090909090909 0.02724137931034483 0.13090909090909092
0 0.5668965517241379 0.3568181818181818 0.03413793103448276 0.11545454545454545
0 0.5296551724137931 0.35545454545454547 0.03310344827586207 0.11818181818181818
0 0.4889655172413793 0.35545454545454547 0.041379310344827586 0.11818181818181818
0 0.7620689655172413 0.34 0.047241379310344826 0.08727272727272728
0 0.6520689655172414 0.3795454545454545 0.06896551724137931 0.08181818181818182
0 0.7136206896551724 0.3740909090909091 0.05655172413793103 0.09363636363636364
1 0.585 0.5013636363636363 0.019655172413793102 0.04363636363636364
1 0.45913793103448275 0.48545454545454547 0.01793103448275862 0.02090909090909091