0 0.329250367466928 0.60693359375 0.06614404703576678 0.0517578125
0 0.2471827535521803 0.52490234375 0.03184713375796178 0.0517578125
0 0.2773150416462518 0.4990234375 0.028417442430181284 0.0517578125
0 0.3187163155316022 0.52587890625 0.04262616364527193 0.0498046875
0 0.6788339049485547 0.5283203125 0.041156295933366 0.0537109375
0 0.7243998040176384 0.53076171875 0.03282704556589907 0.05859375
0 0.6246937775600196 0.61865234375 0.03184713375796178 0.083984375
0 0.6553160215580598 0.61865234375 0.034296913277805 0.0751953125
0 0.6918177364037237 0.60205078125 0.041156295933366 0.0849609375
0 0.28564429201371877 0.5771484375 0.02449779519843214 0.0322265625
1 0.6131798138167565 0.64013671875 0.013228809407153356 0.0390625