1 0.6024007839294464 0.52978515625 0.018128368446839783 0.072265625
1 0.6261636452719255 0.5078125 0.022048015678588925 0.0654296875
1 0.37947084762371386 0.66845703125 0.020578147966683 0.0390625
1 0.3165115139637433 0.4970703125 0.012738853503184714 0.0439453125
1 0.33806957373836355 0.47998046875 0.019598236158745713 0.046875
1 0.36330230279274867 0.513671875 0.018128368446839783 0.0419921875
1 0.37971582557569816 0.52197265625 0.013228809407153356 0.0439453125
1 0.23517883390494856 0.46337890625 0.044585987261146494 0.0390625
1 0.5654091131798138 0.5478515625 0.008819206271435572 0.0234375
1 0.5526702596766291 0.54150390625 0.011758941695247428 0.0205078125
1 0.6521313081822636 0.51806640625 0.026947574718275354 0.033203125
1 0.5813326800587947 0.6865234375 0.012738853503184714 0.0341796875