0 0.2355 0.5016666666666667 0.06266666666666666 0.12416666666666666
0 0.36883333333333335 0.5354166666666667 0.039 0.08
0 0.29033333333333333 0.5529166666666666 0.06133333333333333 0.13833333333333334
0 0.2665 0.39708333333333334 0.059 0.10833333333333334
0 0.32366666666666666 0.4191666666666667 0.05533333333333333 0.0975
0 0.36933333333333335 0.39791666666666664 0.034666666666666665 0.11083333333333334
0 0.6586666666666666 0.4116666666666667 0.059 0.0975
0 0.6255 0.5508333333333333 0.035333333333333335 0.06666666666666667
0 0.7065 0.5516666666666666 0.059 0.11583333333333333
0 0.7433333333333333 0.49833333333333335 0.031 0.0975
1 0.5473333333333333 0.41625 0.025 0.07
1 0.5731666666666667 0.42 0.019 0.085
1 0.4135 0.42375 0.02 0.04083333333333333
0 0.4055 0.39125 0.034666666666666665 0.08666666666666667
0 0.7161666666666666 0.39416666666666667 0.053 0.085
0 0.5263333333333333 0.40708333333333335 0.012666666666666666 0.0775