0 0.23 0.4224 0.05333333333333334 0.0608
0 0.29055555555555557 0.404 0.055185185185185184 0.092
0 0.3812962962962963 0.4124 0.043333333333333335 0.0712
0 0.48277777777777775 0.4252 0.04 0.1104
0 0.5303703703703704 0.436 0.03777777777777778 0.1056
0 0.5727777777777778 0.426 0.040740740740740744 0.1192
0 0.6553703703703704 0.4216 0.04259259259259259 0.1032
0 0.7653703703703704 0.3884 0.06777777777777778 0.092
0 0.765 0.4812 0.07 0.0832
0 0.7142592592592593 0.5668 0.05962962962962963 0.1152
0 0.6175925925925926 0.5568 0.04555555555555556 0.1088
0 0.557037037037037 0.5432 0.014074074074074074 0.0472
0 0.2411111111111111 0.538 0.061481481481481484 0.1152
0 0.3377777777777778 0.5608 0.0362962962962963 0.0904
0 0.3781481481481481 0.5296 0.0337037037037037 0.0376
0 0.5318518518518518 0.5456 0.02185185185185185 0.056
1 0.544074074074074 0.582 0.01037037037037037 0.0472
1 0.6003703703703703 0.612 0.017407407407407406 0.0424