0 0.3535031847133758 0.49267578125 0.02645761881430671 0.06640625
0 0.3836354728074473 0.5029296875 0.03478686918177364 0.0693359375
0 0.4328760411562959 0.5400390625 0.006859382655560999 0.0244140625
0 0.45369916707496327 0.53173828125 0.01224889759921607 0.041015625
0 0.48064674179323863 0.494140625 0.03282704556589907 0.083984375
0 0.5181283684468397 0.51318359375 0.029887310142087214 0.080078125
0 0.5421362077413033 0.5380859375 0.010779029887310143 0.0390625
0 0.5835374816266536 0.5224609375 0.03331700146986771 0.0595703125
0 0.7702106810387065 0.48193359375 0.03968642822146007 0.037109375
0 0.6709946104850564 0.58251953125 0.05193532582067614 0.0234375
0 0.6313081822635963 0.60595703125 0.03331700146986771 0.04296875
0 0.3520333170014699 0.626953125 0.02596766291033807 0.0478515625
0 0.2714355707986281 0.61865234375 0.0240078392944635 0.0556640625
0 0.22121509064184222 0.48486328125 0.02792748652621264 0.052734375
0 0.27045565899069085 0.51708984375 0.03821656050955414 0.03515625
0 0.3157765801077903 0.52685546875 0.050955414012738856 0.04296875
1 0.437530622243998 0.53173828125 0.011268985791278784 0.041015625
1 0.5568348848603626 0.5361328125 0.014208721215090642 0.046875