0 0.2220426632191338 0.4432 0.035229476405946994 0.048
0 0.25824175824175827 0.4408 0.013574660633484163 0.044
0 0.27262443438914025 0.4316 0.013574660633484163 0.0584
0 0.3059146735617324 0.4984 0.037815126050420166 0.0504
0 0.3513251454427925 0.5172 0.03296703296703297 0.0792
0 0.38461538461538464 0.516 0.031997414350355524 0.048
0 0.6982870071105365 0.4056 0.05138978668390433 0.0896
0 0.6895604395604396 0.514 0.05397543632837751 0.0896
0 0.7430510665804784 0.4908 0.04137039431157078 0.052
1 0.6929541047188106 0.3532 0.030381383322559793 0.052
1 0.3744343891402715 0.54 0.01001939237233355 0.0456
1 0.39172592113768584 0.54 0.009372979961215255 0.0416
1 0.24983839689722043 0.5056 0.018422753716871364 0.0312
1 0.5589851325145443 0.39 0.008403361344537815 0.0336