0 0.23335488041370395 0.37 0.03619909502262444 0.0688
0 0.2739172592113769 0.374 0.027149321266968326 0.0808
0 0.30753070458952814 0.3628 0.03329023917259211 0.0688
0 0.2839366515837104 0.4728 0.03619909502262444 0.0856
0 0.3592436974789916 0.4764 0.029734970911441498 0.072
0 0.393180349062702 0.4968 0.028442146089204912 0.0896
0 0.37524240465416936 0.3732 0.029734970911441498 0.0616
0 0.4082094376212023 0.3612 0.031997414350355524 0.0928
0 0.44004524886877827 0.3656 0.030381383322559793 0.0872
0 0.7713316095669037 0.4464 0.041047188106011635 0.0808
0 0.7372333548804137 0.3768 0.041047188106011635 0.0824
0 0.6984486102133161 0.3904 0.05203619909502263 0.096
0 0.6603102779573368 0.3956 0.028442146089204912 0.0856
0 0.6255656108597285 0.388 0.041047188106011635 0.0872
0 0.5971234647705236 0.4864 0.017453135100193924 0.0688
0 0.6436651583710408 0.4936 0.033936651583710405 0.0824
0 0.616677440206852 0.4864 0.0200387847446671 0.0824
1 0.3876858435681965 0.4696 0.01874595992243051 0.072
1 0.6103749191984487 0.4892 0.010342598577892695 0.06
1 0.6055268261150614 0.502 0.00904977375565611 0.0856
1 0.7941176470588235 0.4384 0.014544279250161603 0.0688
1 0.36199095022624433 0.3784 0.014544279250161603 0.0616