0 0.28118939883645766 0.4389380530973451 0.04880413703943116 0.05221238938053097
0 0.2451519069166128 0.4721238938053097 0.03232062055591468 0.0743362831858407
0 0.2897543632837751 0.5460176991150443 0.06561085972850679 0.10530973451327434
0 0.36667744020685195 0.4261061946902655 0.04557207498383969 0.08672566371681416
0 0.4117647058823529 0.4247787610619469 0.0074337427278603745 0.03185840707964602
0 0.6237879767291532 0.41327433628318583 0.03296703296703297 0.06283185840707965
0 0.6574014221073045 0.4336283185840708 0.035229476405946994 0.08761061946902655
0 0.7176793794440853 0.5433628318584071 0.06302521008403361 0.11150442477876106
0 0.767453135100194 0.48849557522123893 0.037815126050420166 0.08584070796460178
0 0.7055591467356174 0.4592920353982301 0.0400775694893342 0.05309734513274336
1 0.22963800904977374 0.48628318584070795 0.02359405300581771 0.08053097345132744