0 0.24948630136986302 0.3803846153846154 0.03972602739726028 0.06615384615384616
0 0.49212328767123287 0.41423076923076924 0.041438356164383565 0.10076923076923076
0 0.5351027397260274 0.4207692307692308 0.04486301369863014 0.10461538461538461
0 0.6357876712328767 0.42230769230769233 0.03527397260273973 0.08461538461538462
0 0.7496575342465753 0.5111538461538462 0.053767123287671234 0.10230769230769231
0 0.3424657534246575 0.5176923076923077 0.057534246575342465 0.06307692307692307
0 0.2808219178082192 0.5019230769230769 0.03595890410958904 0.07461538461538461
1 0.2602739726027397 0.5257692307692308 0.012671232876712329 0.04
1 0.2756849315068493 0.5457692307692308 0.018493150684931507 0.026153846153846153
1 0.7327054794520548 0.5192307692307693 0.024315068493150686 0.04
1 0.7732876712328767 0.5003846153846154 0.00821917808219178 0.06461538461538462
0 0.5827054794520548 0.41923076923076924 0.008904109589041096 0.054615384615384614
0 0.5613013698630137 0.4380769230769231 0.010273972602739725 0.036153846153846154