0 0.28155172413793106 0.37363636363636366 0.04172413793103448 0.053636363636363635
0 0.3746551724137931 0.3890909090909091 0.07241379310344828 0.06818181818181818
0 0.24258620689655172 0.4868181818181818 0.034482758620689655 0.04363636363636364
0 0.3270689655172414 0.52 0.09655172413793103 0.0890909090909091
0 0.39086206896551723 0.5259090909090909 0.016551724137931035 0.04363636363636364
0 0.41879310344827586 0.5345454545454545 0.028275862068965516 0.022727272727272728
0 0.6731034482758621 0.5231818181818182 0.15344827586206897 0.09909090909090909
0 0.7756896551724138 0.45454545454545453 0.037586206896551726 0.04181818181818182
0 0.6746551724137931 0.38636363636363635 0.0496551724137931 0.06181818181818182
0 0.7355172413793103 0.375 0.039310344827586205 0.056363636363636366
1 0.37275862068965515 0.5695454545454546 0.019655172413793102 0.0809090909090909
1 0.7956896551724137 0.4668181818181818 0.024482758620689656 0.09909090909090909
1 0.7536206896551724 0.34454545454545454 0.02517241379310345 0.09545454545454546
1 0.41120689655172415 0.37363636363636366 0.01793103448275862 0.08727272727272728