0 0.24674690956408588 0.4772727272727273 0.044567338972023425 0.09545454545454546
0 0.30042290175666886 0.4668181818181818 0.05302537410540013 0.08272727272727273
0 0.3445022771633051 0.4718181818181818 0.02830188679245283 0.05272727272727273
0 0.44307091737150295 0.45227272727272727 0.02960312296681848 0.05272727272727273
0 0.5473324658425505 0.4440909090909091 0.02830188679245283 0.056363636363636366
0 0.5958035133376708 0.5509090909090909 0.026024723487312947 0.05909090909090909
0 0.6652569941444372 0.47363636363636363 0.03318152244632401 0.07545454545454545
0 0.6328887443070917 0.5559090909090909 0.03643461288223813 0.06272727272727273
0 0.7438191281717632 0.44727272727272727 0.05074821080026025 0.0890909090909091
0 0.7467469095640858 0.5331818181818182 0.04716981132075472 0.0890909090909091
0 0.3959011060507482 0.5577272727272727 0.020169160702667534 0.07272727272727272
0 0.3139232270657124 0.5445454545454546 0.04033832140533507 0.06636363636363636
0 0.36694860117111255 0.5577272727272727 0.03318152244632401 0.07272727272727272
1 0.4285946649316851 0.5654545454545454 0.014638906961613532 0.03727272727272727
1 0.2966818477553676 0.5627272727272727 0.01756668835393624 0.03909090909090909