1 0.5472807447329741 0.58154296875 0.020578147966683 0.046875
1 0.2768250857422832 0.4326171875 0.016168544830965213 0.0224609375
0 0.2542871141597256 0.44287109375 0.03478686918177364 0.0517578125
0 0.28907398334149925 0.48193359375 0.050955414012738856 0.0615234375
0 0.34345908868201863 0.51123046875 0.048015678588927 0.0556640625
0 0.41058304752572267 0.48486328125 0.0583047525722685 0.0703125
0 0.46521313081822635 0.48828125 0.012738853503184714 0.0546875
0 0.49387555120039195 0.49609375 0.0171484566389025 0.064453125
0 0.5146986771190593 0.49560546875 0.025477707006369428 0.0712890625
0 0.5396864282214601 0.50244140625 0.009799118079372856 0.0556640625
0 0.5578147966682998 0.49462890625 0.027437530622243998 0.0888671875
0 0.5874571288584027 0.4853515625 0.02939735423811857 0.087890625
0 0.6195492405683488 0.484375 0.03674669279764821 0.07421875
0 0.6553160215580598 0.4638671875 0.03282704556589907 0.095703125
1 0.4781969622733954 0.49951171875 0.013718765311121999 0.0498046875
0 0.6937775600195982 0.46728515625 0.04556589906908378 0.0654296875
0 0.72562469377756 0.4248046875 0.030867221950024497 0.0498046875