0 0.2717153284671533 0.4393700787401575 0.03722627737226277 0.051181102362204724
0 0.320985401459854 0.4511811023622047 0.027737226277372264 0.023622047244094488
0 0.3677007299270073 0.4503937007874016 0.016788321167883213 0.029133858267716535
0 0.4485401459854015 0.35866141732283463 0.013868613138686132 0.030708661417322834
0 0.5251824817518248 0.3594488188976378 0.021897810218978103 0.03622047244094488
0 0.5956204379562043 0.3767716535433071 0.014233576642335766 0.030708661417322834
0 0.660036496350365 0.36220472440944884 0.020072992700729927 0.030708661417322834
0 0.691970802919708 0.3767716535433071 0.02846715328467153 0.04566929133858268
0 0.7498175182481752 0.3649606299212598 0.043065693430656936 0.03622047244094488
0 0.6684306569343066 0.468503937007874 0.08248175182481751 0.1015748031496063
1 0.3425182481751825 0.4594488188976378 0.020072992700729927 0.05275590551181102
1 0.6651459854014599 0.39133858267716537 0.016058394160583942 0.026771653543307086
1 0.4377737226277372 0.3594488188976378 0.007664233576642336 0.03464566929133858
1 0.5401459854014599 0.35551181102362206 0.00948905109489051 0.049606299212598425
1 0.7912408759124088 0.462992125984252 0.04489051094890511 0.06141732283464567
1 0.245985401459854 0.35551181102362206 0.025182481751824817 0.04566929133858268