0 0.44004524886877827 0.3608 0.028765352294764058 0.0864
0 0.40740142210730446 0.3532 0.031997414350355524 0.0984
0 0.37718164188752423 0.374 0.03070458952811894 0.0816
0 0.6252424046541694 0.3916 0.03652230122818358 0.0808
0 0.6603102779573368 0.3908 0.03167420814479638 0.0928
0 0.5987394957983193 0.4856 0.015190691661279896 0.0632
0 0.6157078215901746 0.4796 0.013897866839043309 0.0712
0 0.642049127343245 0.492 0.03652230122818358 0.0848
0 0.6999030381383322 0.3908 0.04654169360051713 0.1072
0 0.735617323852618 0.3844 0.03264382676147382 0.1
0 0.773109243697479 0.4388 0.04266321913380737 0.0728
0 0.23287007110536523 0.3724 0.028118939883645767 0.0672
0 0.27601809954751133 0.3752 0.03167420814479638 0.0832
0 0.3102779573367809 0.3668 0.035229476405946994 0.0784
0 0.28490627020038783 0.4808 0.04945054945054945 0.0768
1 0.25096961861667744 0.368 0.007756948933419522 0.0448
1 0.25436328377504847 0.482 0.005494505494505495 0.0296
1 0.3889786683904331 0.4848 0.01680672268907563 0.0288
1 0.3621525533290239 0.3732 0.013251454427925016 0.0576
1 0.5787007110536523 0.4956 0.01001939237233355 0.0432
1 0.6066580478345184 0.494 0.01098901098901099 0.0416
1 0.7944408532643826 0.4356 0.011635423400129283 0.0504
0 0.3605365223012282 0.4776 0.039107950872656755 0.0912
0 0.396574014221073 0.484 0.03684550743374273 0.104