1 0.5347868691817736 0.53076171875 0.016168544830965213 0.052734375
1 0.7457128858402744 0.53271484375 0.0171484566389025 0.0263671875
1 0.458108770210681 0.5078125 0.006859382655560999 0.0263671875
0 0.548015678588927 0.529296875 0.008819206271435572 0.0390625
0 0.6207741303282704 0.4921875 0.033806957373836356 0.046875
0 0.6464968152866242 0.498046875 0.028417442430181284 0.0537109375
0 0.6927976482116609 0.57470703125 0.04507594316511514 0.0634765625
0 0.3182263596276335 0.57861328125 0.049485546300832926 0.0595703125
0 0.3385595296423322 0.4931640625 0.043606075453209214 0.06640625
0 0.25771680548750614 0.53076171875 0.03870651641352278 0.0556640625
0 0.49804017638412545 0.54296875 0.014698677119059285 0.01953125
0 0.4661930426261636 0.51904296875 0.0171484566389025 0.017578125