0 0.24547101449275363 0.35954545454545456 0.03876811594202899 0.07909090909090909
0 0.296195652173913 0.38727272727272727 0.04710144927536232 0.07272727272727272
0 0.3427536231884058 0.395 0.025 0.057272727272727274
0 0.37916666666666665 0.38181818181818183 0.03985507246376811 0.09
0 0.2605072463768116 0.4631818181818182 0.04927536231884058 0.09181818181818181
0 0.3217391304347826 0.4868181818181818 0.03804347826086957 0.060909090909090906
0 0.35905797101449277 0.5 0.036594202898550726 0.06727272727272728
0 0.4036231884057971 0.4763636363636364 0.036594202898550726 0.03636363636363636
0 0.6143115942028986 0.47863636363636364 0.03333333333333333 0.06454545454545454
0 0.6476449275362319 0.4763636363636364 0.03876811594202899 0.06272727272727273
0 0.6306159420289855 0.3759090909090909 0.02427536231884058 0.046363636363636364
0 0.6634057971014493 0.38681818181818184 0.02681159420289855 0.04727272727272727
0 0.706340579710145 0.3759090909090909 0.03804347826086957 0.046363636363636364
0 0.7521739130434782 0.34954545454545455 0.036594202898550726 0.06545454545454546
0 0.6981884057971014 0.4722727272727273 0.04384057971014493 0.05454545454545454
0 0.7476449275362319 0.4459090909090909 0.03804347826086957 0.07727272727272727
1 0.2960144927536232 0.5022727272727273 0.016304347826086956 0.07272727272727272
1 0.38731884057971017 0.5072727272727273 0.015579710144927537 0.03272727272727273
1 0.6710144927536232 0.4990909090909091 0.010507246376811594 0.042727272727272725