0 0.7038216560509554 0.544921875 0.05683488486036257 0.0732421875
0 0.7121509064184224 0.44580078125 0.05683488486036257 0.0634765625
0 0.5864772170504654 0.59521484375 0.04556589906908378 0.0791015625
0 0.3571778539931406 0.5908203125 0.061734443900048994 0.0966796875
0 0.3762861342479177 0.43115234375 0.033806957373836356 0.1044921875
0 0.3419892209701127 0.46728515625 0.049485546300832926 0.064453125
0 0.29152376286134246 0.4501953125 0.01910828025477707 0.0341796875
0 0.25575698187163154 0.42822265625 0.02596766291033807 0.048828125
0 0.2996080352768251 0.54150390625 0.04703576678098971 0.0634765625
1 0.2817246447819696 0.55517578125 0.028907398334149927 0.052734375
1 0.4585987261146497 0.4951171875 0.011268985791278784 0.029296875
0 0.4973052425281725 0.50830078125 0.017638412542871143 0.0322265625