0 0.7199902008819207 0.5576171875 0.046055854973052424 0.1103515625
0 0.7170504654581088 0.46826171875 0.014208721215090642 0.029296875
0 0.6548260656540912 0.515625 0.07692307692307693 0.0830078125
0 0.3985791278784909 0.67724609375 0.043606075453209214 0.0986328125
0 0.27658010779029885 0.48779296875 0.04507594316511514 0.0419921875
0 0.3593826555609995 0.55419921875 0.046055854973052424 0.0654296875
0 0.38706516413522785 0.5498046875 0.013228809407153356 0.0517578125
0 0.4590886820186183 0.580078125 0.011758941695247428 0.0234375
0 0.4977951984321411 0.59326171875 0.018618324350808426 0.0419921875
0 0.5301322880940715 0.57763671875 0.009799118079372856 0.0234375
1 0.288094071533562 0.46923828125 0.010779029887310143 0.0380859375
1 0.2618814306712396 0.4677734375 0.01567858892699657 0.0302734375
1 0.541156295933366 0.57861328125 0.006859382655560999 0.025390625
1 0.4865262126408623 0.59716796875 0.011268985791278784 0.021484375
1 0.506124448799608 0.57421875 0.014698677119059285 0.015625