0 0.3500734933855953 0.48193359375 0.034296913277805 0.0615234375
0 0.3855952964233219 0.49267578125 0.042136207741303285 0.0625
0 0.32998530132288095 0.4765625 0.016168544830965213 0.0322265625
0 0.43630573248407645 0.5029296875 0.011268985791278784 0.025390625
0 0.46741793238608526 0.51611328125 0.009799118079372856 0.0556640625
0 0.5095541401273885 0.529296875 0.011268985791278784 0.03125
0 0.5450759431651151 0.5126953125 0.01567858892699657 0.0302734375
0 0.6381675649191573 0.50048828125 0.030867221950024497 0.0625
0 0.6695247427731504 0.474609375 0.021068103870651642 0.0634765625
0 0.686673199412053 0.482421875 0.016658500734933857 0.03515625
0 0.5646741793238609 0.64306640625 0.007839294463498285 0.029296875
0 0.5597746202841745 0.64599609375 0.011758941695247428 0.02734375
1 0.4745222929936306 0.51953125 0.006859382655560999 0.0390625
1 0.5048995590396864 0.5322265625 0.008819206271435572 0.052734375