0 0.3593826555609995 0.54833984375 0.043606075453209214 0.037109375
0 0.3375796178343949 0.4794921875 0.041156295933366 0.0419921875
0 0.4118079372856443 0.49560546875 0.013718765311121999 0.02734375
0 0.4348358647721705 0.5107421875 0.0171484566389025 0.044921875
0 0.4713375796178344 0.517578125 0.013718765311121999 0.0390625
0 0.5007349338559529 0.52880859375 0.014208721215090642 0.048828125
0 0.5122488975992161 0.525390625 0.014698677119059285 0.068359375
0 0.5443410093091622 0.525390625 0.009309162175404213 0.0341796875
0 0.5842724154826066 0.509765625 0.029887310142087214 0.08203125
0 0.6391474767270946 0.482421875 0.033806957373836356 0.0791015625
0 0.719500244977952 0.47119140625 0.02939735423811857 0.0537109375
0 0.6261636452719255 0.5693359375 0.03135717785399314 0.0322265625
0 0.6673199412052915 0.560546875 0.04017638412542871 0.0595703125
0 0.7119059284664381 0.52880859375 0.039196472317491425 0.041015625
0 0.44904458598726116 0.60205078125 0.011268985791278784 0.0380859375
0 0.3679568838804508 0.4716796875 0.009309162175404213 0.0302734375
1 0.4431651151396374 0.60986328125 0.010779029887310143 0.0517578125
1 0.631063204311612 0.58349609375 0.02792748652621264 0.0234375