0 0.2275845173934346 0.52197265625 0.026947574718275354 0.0595703125
0 0.2756001959823616 0.5361328125 0.037726604605585495 0.0498046875
0 0.32239098481136697 0.5537109375 0.030867221950024497 0.0380859375
0 0.24938755512003918 0.6005859375 0.04017638412542871 0.0380859375
0 0.3145516903478687 0.6201171875 0.05879470847623714 0.0615234375
0 0.7204801567858893 0.53466796875 0.03478686918177364 0.0341796875
0 0.7684958353748162 0.49609375 0.03135717785399314 0.0517578125
0 0.7398334149926507 0.587890625 0.04164625183733464 0.0439453125
0 0.6856932876041156 0.6162109375 0.044585987261146494 0.056640625
0 0.6739343459088682 0.55126953125 0.033806957373836356 0.0361328125
1 0.2449779519843214 0.51220703125 0.0171484566389025 0.0390625
1 0.34272415482606566 0.64111328125 0.019598236158745713 0.03125
0 0.6384125428711416 0.64111328125 0.03674669279764821 0.03125
0 0.6349828515433611 0.5693359375 0.028417442430181284 0.0380859375