0 0.25012248897599215 0.50732421875 0.03478686918177364 0.052734375
0 0.2802547770700637 0.58544921875 0.03968642822146007 0.0673828125
0 0.28564429201371877 0.51416015625 0.03674669279764821 0.0634765625
0 0.349828515433611 0.521484375 0.04556589906908378 0.095703125
0 0.3882900538951494 0.5263671875 0.03282704556589907 0.0771484375
0 0.42405683488486035 0.51904296875 0.04017638412542871 0.0986328125
0 0.5732484076433121 0.55419921875 0.04311611954924057 0.0888671875
0 0.6038706516413522 0.55419921875 0.03478686918177364 0.0966796875
0 0.6268985791278785 0.552734375 0.021558059774620286 0.1025390625
0 0.7231749142577168 0.52978515625 0.02645761881430671 0.05078125
0 0.7248897599216071 0.607421875 0.03674669279764821 0.0673828125
0 0.6807937285644292 0.57421875 0.013718765311121999 0.0205078125
0 0.6925526702596766 0.57763671875 0.015188633023027927 0.0439453125
1 0.26286134247917686 0.62109375 0.03674669279764821 0.04296875