0 0.33806957373836355 0.49658203125 0.044585987261146494 0.056640625
0 0.2413032827045566 0.4326171875 0.028417442430181284 0.033203125
0 0.31210191082802546 0.548828125 0.05193532582067614 0.0556640625
0 0.2471827535521803 0.51611328125 0.04850563449289564 0.05078125
0 0.636452719255267 0.5126953125 0.030377266046055854 0.052734375
0 0.7099461048505634 0.4892578125 0.04997550220480157 0.052734375
0 0.759921607055365 0.5107421875 0.02792748652621264 0.0537109375
0 0.66609505144537 0.5859375 0.03478686918177364 0.0576171875
0 0.7008819206271436 0.5673828125 0.02645761881430671 0.0322265625
1 0.698922097011269 0.5498046875 0.03331700146986771 0.0439453125
0 0.38486036256736894 0.5791015625 0.03282704556589907 0.060546875