0 0.33806957373836355 0.47021484375 0.02939735423811857 0.064453125
0 0.5396864282214601 0.5419921875 0.006859382655560999 0.0205078125
0 0.5485056344928957 0.54052734375 0.006859382655560999 0.03515625
0 0.7030867221950025 0.4619140625 0.037726604605585495 0.04296875
0 0.7560019598236158 0.4306640625 0.04556589906908378 0.0498046875
0 0.684468397844194 0.54931640625 0.05291523762861342 0.052734375
0 0.740813326800588 0.5126953125 0.05389514943655071 0.0439453125
0 0.2540421362077413 0.52880859375 0.04409603135717785 0.046875
0 0.23860852523272905 0.44091796875 0.03674669279764821 0.0556640625
0 0.4975502204801568 0.54638671875 0.014208721215090642 0.03515625
1 0.5090641842234199 0.55029296875 0.011758941695247428 0.037109375
1 0.6611954924056835 0.58544921875 0.018618324350808426 0.0517578125
1 0.6692797648211661 0.47021484375 0.023027927486526212 0.0556640625