0 0.25592105263157894 0.38916666666666666 0.058881578947368424 0.125
0 0.3044407894736842 0.43375 0.04078947368421053 0.06333333333333334
0 0.275 0.5025 0.04572368421052632 0.06333333333333334
0 0.35098684210526315 0.525 0.04078947368421053 0.10166666666666667
0 0.3782894736842105 0.36541666666666667 0.04703947368421053 0.13666666666666666
0 0.4774671052631579 0.33708333333333335 0.0125 0.11583333333333333
0 0.5302631578947369 0.3591666666666667 0.015131578947368421 0.07583333333333334
0 0.5580592105263158 0.35833333333333334 0.022039473684210525 0.07
0 0.6370065789473685 0.3545833333333333 0.03190789473684211 0.12666666666666668
0 0.7042763157894737 0.3804166666666667 0.055592105263157894 0.125
0 0.7692434210526315 0.39958333333333335 0.04078947368421053 0.0825
0 0.6794407894736842 0.51375 0.044407894736842105 0.06166666666666667
0 0.7407894736842106 0.48583333333333334 0.053289473684210525 0.065
1 0.4330592105263158 0.36333333333333334 0.0125 0.06
1 0.5697368421052632 0.37333333333333335 0.0125 0.07583333333333334
1 0.6582236842105263 0.3854166666666667 0.017434210526315788 0.065