1 0.7102272727272727 0.3473913043478261 0.015584415584415584 0.01565217391304348
0 0.2534090909090909 0.36043478260869566 0.05422077922077922 0.10173913043478261
0 0.299512987012987 0.34391304347826085 0.04318181818181818 0.10695652173913044
0 0.3371753246753247 0.34304347826086956 0.029545454545454545 0.09826086956521739
0 0.3689935064935065 0.3378260869565217 0.03409090909090909 0.06695652173913043
0 0.2772727272727273 0.48043478260869565 0.04318181818181818 0.08608695652173913
0 0.31785714285714284 0.45869565217391306 0.037987012987012986 0.07739130434782608
0 0.36168831168831167 0.45608695652173914 0.03409090909090909 0.0791304347826087
0 0.3925324675324675 0.45521739130434785 0.030194805194805194 0.07043478260869565
0 0.5858766233766234 0.44565217391304346 0.01038961038961039 0.043478260869565216
0 0.6016233766233766 0.44304347826086954 0.007792207792207792 0.04173913043478261
0 0.6280844155844156 0.44130434782608696 0.023051948051948053 0.034782608695652174
0 0.6808441558441558 0.47608695652173916 0.04188311688311688 0.11565217391304349
0 0.7227272727272728 0.4682608695652174 0.04448051948051948 0.1
0 0.749025974025974 0.3630434782608696 0.04318181818181818 0.058260869565217394
0 0.661525974025974 0.33869565217391306 0.03344155844155844 0.08608695652173913
0 0.6284090909090909 0.3378260869565217 0.027597402597402596 0.09130434782608696
1 0.6329545454545454 0.461304347826087 0.025 0.04695652173913043
1 0.6100649350649351 0.461304347826087 0.006493506493506494 0.058260869565217394
1 0.33685064935064934 0.5026086956521739 0.012987012987012988 0.06695652173913043