0 0.6016778523489933 0.5352173913043479 0.032885906040268455 0.11652173913043479
0 0.6328859060402685 0.548695652173913 0.0436241610738255 0.1191304347826087
0 0.7402684563758389 0.4252173913043478 0.05771812080536913 0.12260869565217392
0 0.6506711409395973 0.4282608695652174 0.03422818791946309 0.10347826086956521
0 0.6901006711409396 0.41130434782608694 0.05436241610738255 0.16782608695652174
0 0.37348993288590604 0.43130434782608695 0.03657718120805369 0.10347826086956521
0 0.3981543624161074 0.5365217391304348 0.038926174496644296 0.12521739130434784
0 0.25201342281879197 0.41 0.05771812080536913 0.10347826086956521
0 0.30218120805369125 0.391304347826087 0.049664429530201344 0.1591304347826087
0 0.33808724832214765 0.4221739130434783 0.02953020134228188 0.12260869565217392
0 0.3640939597315436 0.5443478260869565 0.02953020134228188 0.12869565217391304
0 0.27684563758389263 0.5534782608695652 0.06241610738255034 0.17739130434782607