0 0.6205291523762861 0.6220703125 0.044585987261146494 0.0869140625
0 0.38755512003919645 0.59423828125 0.034296913277805 0.03515625
0 0.628858402743753 0.46240234375 0.028417442430181284 0.115234375
0 0.5433610975012249 0.48486328125 0.024987751102400785 0.173828125
0 0.3887800097991181 0.44970703125 0.024987751102400785 0.1455078125
0 0.36109750122488976 0.4306640625 0.02596766291033807 0.1552734375
0 0.6687898089171974 0.49755859375 0.044585987261146494 0.0537109375
0 0.4360607545320921 0.529296875 0.015188633023027927 0.056640625
0 0.48554630083292505 0.55419921875 0.017638412542871143 0.068359375
0 0.4977951984321411 0.56005859375 0.014208721215090642 0.0615234375
0 0.4578637922586967 0.54248046875 0.01910828025477707 0.05859375
1 0.6780989710926016 0.513671875 0.020088192062714356 0.04296875