0 0.7089661930426262 0.5341796875 0.049485546300832926 0.0703125
0 0.5492405683488486 0.546875 0.03184713375796178 0.0869140625
0 0.615874571288584 0.517578125 0.044585987261146494 0.126953125
0 0.3623223909848114 0.49169921875 0.044585987261146494 0.1455078125
0 0.28858402743753064 0.46142578125 0.04850563449289564 0.18359375
0 0.4659480646741793 0.494140625 0.04703576678098971 0.1640625
0 0.5078392944634983 0.50341796875 0.043606075453209214 0.1640625
0 0.6788339049485547 0.6376953125 0.05536501714845664 0.0751953125
0 0.7349338559529642 0.5869140625 0.05683488486036257 0.08203125
0 0.3606075453209211 0.62109375 0.041156295933366 0.080078125
0 0.3187163155316022 0.6220703125 0.04703576678098971 0.1005859375
0 0.2672709456148947 0.58837890625 0.05536501714845664 0.0986328125