0 0.28196962273395393 0.443359375 0.044585987261146494 0.125
0 0.30916217540421365 0.44580078125 0.021068103870651642 0.044921875
0 0.40764331210191085 0.5869140625 0.03870651641352278 0.08203125
0 0.37236648701616853 0.5810546875 0.034296913277805 0.09375
0 0.2697207251347379 0.541015625 0.043606075453209214 0.056640625
0 0.32459578637922587 0.580078125 0.06369426751592357 0.1103515625
0 0.6322880940715335 0.61767578125 0.037726604605585495 0.1201171875
0 0.7084762371386575 0.458984375 0.043606075453209214 0.103515625
0 0.7266046055854973 0.56005859375 0.04703576678098971 0.0888671875
0 0.6842234198922097 0.61376953125 0.05683488486036257 0.1220703125
0 0.6482116609505144 0.482421875 0.06957373836354729 0.1220703125
1 0.3157765801077903 0.4248046875 0.024987751102400785 0.0439453125
1 0.6741793238608526 0.51123046875 0.012738853503184714 0.0537109375
1 0.2996080352768251 0.58935546875 0.016658500734933857 0.03125
1 0.4152376286134248 0.61083984375 0.0102890739833415 0.0576171875