0 0.253797158255757 0.59619140625 0.030867221950024497 0.068359375
0 0.3417442430181284 0.50244140625 0.03184713375796178 0.1484375
0 0.39171974522292996 0.67529296875 0.03282704556589907 0.1318359375
0 0.6205291523762861 0.669921875 0.037726604605585495 0.07421875
0 0.6607055365017148 0.68017578125 0.03576678098971093 0.0849609375
0 0.7395884370406663 0.60693359375 0.04017638412542871 0.0751953125
0 0.6707496325330721 0.5234375 0.034296913277805 0.12890625
0 0.6411073003429691 0.52685546875 0.026947574718275354 0.1171875
0 0.4583537481626654 0.56591796875 0.026947574718275354 0.0634765625
0 0.37702106810387065 0.505859375 0.034296913277805 0.150390625
0 0.5056344928956394 0.5810546875 0.015188633023027927 0.0654296875
0 0.5220480156785889 0.5693359375 0.017638412542871143 0.0849609375
0 0.3089171974522293 0.62939453125 0.0583047525722685 0.078125
0 0.3574228319451249 0.6396484375 0.021558059774620286 0.0576171875
0 0.4301812836844684 0.5576171875 0.016168544830965213 0.0341796875
0 0.5509554140127388 0.56982421875 0.005879470847623714 0.0234375
0 0.5634492895639392 0.560546875 0.008819206271435572 0.03125
0 0.5901518863302303 0.5771484375 0.016168544830965213 0.0439453125
1 0.5627143557079863 0.58740234375 0.01910828025477707 0.0400390625
1 0.600685938265556 0.58251953125 0.012738853503184714 0.046875
1 0.7481626653601176 0.53515625 0.03331700146986771 0.041015625