0 0.622733953944145 0.50341796875 0.016658500734933857 0.0654296875
0 0.5585497305242528 0.52392578125 0.01567858892699657 0.0498046875
0 0.520578147966683 0.53369140625 0.02596766291033807 0.07421875
1 0.22856442920137188 0.4453125 0.06467417932386085 0.0654296875
1 0.2344439000489956 0.36083984375 0.044585987261146494 0.041015625
1 0.28613424791768743 0.36767578125 0.04311611954924057 0.0615234375
1 0.2929936305732484 0.4765625 0.024987751102400785 0.046875
1 0.26825085742283195 0.45703125 0.021068103870651642 0.0361328125
1 0.5472807447329741 0.5361328125 0.023027927486526212 0.0537109375
1 0.6761391474767271 0.4580078125 0.030867221950024497 0.0595703125
1 0.7782949534541891 0.44287109375 0.049485546300832926 0.0517578125
1 0.746202841744243 0.5048828125 0.027437530622243998 0.072265625
1 0.6278784909358158 0.60302734375 0.024987751102400785 0.0390625
1 0.658500734933856 0.59326171875 0.029887310142087214 0.0458984375
1 0.70578147966683 0.52783203125 0.020578147966683 0.0517578125
1 0.4642332190102891 0.49853515625 0.023517883390494855 0.0595703125
1 0.43091621754042136 0.4931640625 0.019598236158745713 0.0458984375
0 0.47574718275355216 0.5126953125 0.016658500734933857 0.041015625