0 0.678343949044586 0.5498046875 0.028417442430181284 0.0498046875
0 0.5828025477707006 0.568359375 0.01910828025477707 0.0634765625
0 0.6033806957373836 0.56689453125 0.02939735423811857 0.0615234375
0 0.2643312101910828 0.52685546875 0.028417442430181284 0.056640625
0 0.3375796178343949 0.62451171875 0.05193532582067614 0.0732421875
0 0.27266046055854976 0.5869140625 0.044585987261146494 0.068359375
0 0.5338069573738363 0.5810546875 0.015188633023027927 0.046875
1 0.7060264576188143 0.578125 0.019598236158745713 0.0205078125
1 0.6567858892699657 0.6025390625 0.04899559039686428 0.0419921875
0 0.6276335129838314 0.56494140625 0.017638412542871143 0.046875
0 0.493140617344439 0.591796875 0.018618324350808426 0.02734375
0 0.4600685938265556 0.580078125 0.019598236158745713 0.0205078125
1 0.4916707496325331 0.578125 0.016658500734933857 0.0205078125