0 0.23983341499265065 0.4453125 0.03674669279764821 0.0654296875
0 0.2768250857422832 0.4765625 0.028907398334149927 0.0625
0 0.3081822635962763 0.50390625 0.03674669279764821 0.0673828125
0 0.5311121999020089 0.57470703125 0.010779029887310143 0.0390625
0 0.5406663400293974 0.56591796875 0.012738853503184714 0.056640625
0 0.6090151886330231 0.5361328125 0.040666340029397355 0.0595703125
0 0.6785889269965704 0.5517578125 0.03870651641352278 0.046875
0 0.768250857422832 0.51904296875 0.030867221950024497 0.0380859375
0 0.300342969132778 0.56689453125 0.044585987261146494 0.0703125
0 0.37898089171974525 0.6201171875 0.03233708966193043 0.0390625
0 0.6391474767270946 0.626953125 0.028907398334149927 0.0341796875
1 0.4556589906908378 0.560546875 0.0171484566389025 0.0205078125
1 0.37702106810387065 0.642578125 0.028417442430181284 0.0498046875
1 0.2724154826065654 0.57470703125 0.020578147966683 0.048828125
1 0.7253797158255757 0.52685546875 0.036256736893679566 0.0693359375