0 0.7373836354728075 0.44970703125 0.05193532582067614 0.1318359375
0 0.3606075453209211 0.61279296875 0.026947574718275354 0.125
0 0.6151396374326311 0.494140625 0.020088192062714356 0.0703125
0 0.6457618814306713 0.4931640625 0.03674669279764821 0.0732421875
0 0.6847133757961783 0.482421875 0.05046545810877021 0.0888671875
0 0.23836354728074474 0.45068359375 0.04703576678098971 0.0966796875
0 0.4448799608035277 0.4892578125 0.011758941695247428 0.0517578125
0 0.45492405683488485 0.4873046875 0.015188633023027927 0.056640625
0 0.3179813816756492 0.5751953125 0.060264576188143064 0.115234375
0 0.3674669279764821 0.48291015625 0.04850563449289564 0.1025390625
0 0.5840274375306223 0.60791015625 0.044585987261146494 0.091796875
0 0.6795688388045076 0.60693359375 0.05683488486036257 0.150390625
0 0.7361587457128859 0.59033203125 0.06614404703576678 0.1318359375
0 0.6335129838314552 0.5693359375 0.035276825085742286 0.0517578125
0 0.26604605585497304 0.5458984375 0.05389514943655071 0.0546875
0 0.28343949044585987 0.451171875 0.041156295933366 0.09375
0 0.32508574228319453 0.45849609375 0.03184713375796178 0.0908203125