0 0.5455658990690838 0.6220703125 0.03184713375796178 0.12890625
0 0.42405683488486035 0.46337890625 0.024987751102400785 0.0615234375
0 0.3836354728074473 0.45751953125 0.01910828025477707 0.068359375
0 0.3145516903478687 0.55029296875 0.0788829005389515 0.103515625
0 0.48554630083292505 0.47314453125 0.026947574718275354 0.0654296875
0 0.5166585007349338 0.4892578125 0.035276825085742286 0.0888671875
0 0.6055854973052426 0.6005859375 0.029887310142087214 0.0771484375
0 0.576188143067124 0.609375 0.024987751102400785 0.0615234375
0 0.6665850073493386 0.4716796875 0.035276825085742286 0.1005859375
0 0.6347378735913768 0.46240234375 0.030867221950024497 0.12890625
0 0.5975012248897599 0.46337890625 0.041156295933366 0.103515625
1 0.5992160705536502 0.62060546875 0.023027927486526212 0.08984375
0 0.24816266536011758 0.4365234375 0.05585497305242528 0.1005859375