0 0.329250367466928 0.52685546875 0.035276825085742286 0.0888671875
0 0.6352278294953454 0.5625 0.02939735423811857 0.1318359375
0 0.24791768740813327 0.5126953125 0.03282704556589907 0.0703125
0 0.36281234688878 0.5546875 0.03674669279764821 0.111328125
0 0.6707496325330721 0.517578125 0.03674669279764821 0.09375
0 0.7550220480156786 0.44970703125 0.04703576678098971 0.056640625
0 0.7131308182263596 0.4931640625 0.04850563449289564 0.08203125
0 0.7190102890739833 0.35791015625 0.06271435570798628 0.1171875
0 0.288094071533562 0.3837890625 0.06369426751592357 0.1083984375
0 0.22954434100930915 0.3681640625 0.060264576188143064 0.10546875
0 0.4064184223419892 0.51171875 0.020088192062714356 0.044921875