0 0.2697207251347379 0.4541015625 0.06271435570798628 0.0654296875
0 0.3557079862812347 0.6318359375 0.043606075453209214 0.0869140625
0 0.26506614404703577 0.6162109375 0.04850563449289564 0.0986328125
0 0.3133268005879471 0.65283203125 0.057814796668299855 0.0771484375
0 0.438265556099951 0.529296875 0.017638412542871143 0.0654296875
0 0.45957863792258696 0.53857421875 0.026947574718275354 0.0751953125
0 0.4990200881920627 0.5458984375 0.01910828025477707 0.056640625
0 0.5504654581087702 0.54443359375 0.024987751102400785 0.0634765625
0 0.5928466438020578 0.541015625 0.02253797158255757 0.0751953125
0 0.6322880940715335 0.6455078125 0.037726604605585495 0.08203125
0 0.5975012248897599 0.6376953125 0.03674669279764821 0.080078125
0 0.5744732974032337 0.53857421875 0.021068103870651642 0.0654296875
1 0.6891229789318961 0.623046875 0.040666340029397355 0.0888671875
0 0.6942675159235668 0.51123046875 0.03870651641352278 0.041015625