0 0.47430249632892807 0.5693359375 0.032794909446891826 0.0517578125
0 0.5144395496818405 0.5625 0.032794909446891826 0.0517578125
0 0.5450318159569261 0.56689453125 0.028389623103279492 0.0654296875
0 0.6040137053352912 0.67431640625 0.028389623103279492 0.0537109375
0 0.6223690651003426 0.5927734375 0.020068526676456193 0.056640625
0 0.5952031326480666 0.58349609375 0.03181595692608909 0.0615234375
1 0.4033284385707293 0.7255859375 0.017131669114047968 0.04296875
1 0.6226138032305433 0.5458984375 0.024963289280469897 0.0341796875
0 0.6722956436612825 0.56201171875 0.05237395986294665 0.078125
1 0.7312775330396476 0.64892578125 0.012726382770435633 0.03125
1 0.37126774351443953 0.712890625 0.016152716593245228 0.0439453125