0 0.23787359137677608 0.359375 0.01910828025477707 0.0693359375
0 0.26604605585497304 0.400390625 0.03331700146986771 0.0693359375
0 0.2773150416462518 0.4921875 0.036256736893679566 0.076171875
0 0.3272905438510534 0.55224609375 0.040666340029397355 0.0703125
0 0.3493385595296423 0.46484375 0.042136207741303285 0.072265625
0 0.3762861342479177 0.501953125 0.035276825085742286 0.0869140625
0 0.4735423811856933 0.53125 0.041156295933366 0.0810546875
0 0.5374816266536012 0.53125 0.009799118079372856 0.0283203125
0 0.5296423321901029 0.54052734375 0.005879470847623714 0.0234375
0 0.6393924546790789 0.50341796875 0.024987751102400785 0.083984375
0 0.6807937285644292 0.48046875 0.05291523762861342 0.099609375
0 0.7275845173934345 0.45556640625 0.03478686918177364 0.041015625
0 0.7496325330720235 0.37255859375 0.037726604605585495 0.08984375
0 0.7065164135227829 0.52734375 0.03821656050955414 0.046875
1 0.43410093091621754 0.5224609375 0.014208721215090642 0.0634765625
1 0.7123958843704067 0.56201171875 0.02792748652621264 0.01953125
1 0.7197452229299363 0.416015625 0.014698677119059285 0.0205078125