0 0.30744732974032335 0.4619140625 0.04164625183733464 0.0615234375
0 0.3762861342479177 0.5166015625 0.020578147966683 0.0390625
0 0.3958843704066634 0.5 0.023517883390494855 0.087890625
0 0.41278784909358157 0.52197265625 0.023027927486526212 0.056640625
0 0.49338559529642334 0.54248046875 0.007839294463498285 0.0439453125
0 0.4850563449289564 0.53955078125 0.0102890739833415 0.0537109375
0 0.46153846153846156 0.53173828125 0.016658500734933857 0.0498046875
0 0.5247427731504165 0.5283203125 0.007839294463498285 0.0380859375
0 0.548015678588927 0.517578125 0.030867221950024497 0.0966796875
0 0.6773640372366487 0.5126953125 0.036256736893679566 0.0654296875
0 0.42944634982851543 0.6240234375 0.03870651641352278 0.0693359375
0 0.3637922586967173 0.63671875 0.023517883390494855 0.046875
1 0.38143067123958846 0.63671875 0.013228809407153356 0.0283203125
1 0.5367466927976482 0.6123046875 0.01910828025477707 0.029296875
1 0.5507104360607545 0.61083984375 0.012738853503184714 0.033203125