0 0.26237138657520825 0.54248046875 0.05977462028417443 0.0849609375
0 0.5453209211170995 0.53173828125 0.006369426751592357 0.0380859375
0 0.6513963743263106 0.490234375 0.028417442430181284 0.0576171875
0 0.6825085742283195 0.4765625 0.02596766291033807 0.0595703125
0 0.7334639882410583 0.44677734375 0.048015678588927 0.0595703125
0 0.686673199412053 0.54345703125 0.03282704556589907 0.0361328125
0 0.7315041646251838 0.52587890625 0.037726604605585495 0.0517578125
0 0.34492895639392457 0.58544921875 0.03135717785399314 0.0673828125
0 0.22146006859382655 0.4345703125 0.04262616364527193 0.0654296875
0 0.27829495345418914 0.4609375 0.05732484076433121 0.0693359375
1 0.5558549730524253 0.52392578125 0.013228809407153356 0.0341796875
1 0.7831945124938755 0.49609375 0.028907398334149927 0.0390625