0 0.3478688524590164 0.42230769230769233 0.03475409836065574 0.09769230769230769
0 0.37901639344262295 0.40192307692307694 0.02622950819672131 0.08923076923076922
0 0.40508196721311474 0.4034615384615385 0.02721311475409836 0.10615384615384615
0 0.43901639344262294 0.40576923076923077 0.039672131147540986 0.11692307692307692
0 0.4719672131147541 0.4115384615384615 0.029180327868852458 0.11538461538461539
0 0.5067213114754099 0.41807692307692307 0.03180327868852459 0.09923076923076923
0 0.5416393442622951 0.41884615384615387 0.03540983606557377 0.11692307692307692
0 0.5745901639344262 0.4230769230769231 0.03344262295081967 0.10923076923076923
0 0.6078688524590163 0.41307692307692306 0.029180327868852458 0.1123076923076923
0 0.6401639344262295 0.3930769230769231 0.03409836065573771 0.07461538461538461
0 0.7047540983606557 0.4084615384615385 0.039672131147540986 0.07307692307692308
0 0.7560655737704918 0.415 0.05901639344262295 0.08
0 0.6190163934426229 0.5392307692307692 0.027868852459016394 0.08461538461538462
0 0.6491803278688525 0.5376923076923077 0.032459016393442626 0.09076923076923077
0 0.7427868852459016 0.5303846153846153 0.06852459016393443 0.08615384615384615
0 0.3880327868852459 0.5303846153846153 0.04590163934426229 0.07615384615384616
0 0.42065573770491804 0.5338461538461539 0.02360655737704918 0.07307692307692308
1 0.3859016393442623 0.5726923076923077 0.012459016393442624 0.024615384615384615
1 0.6267213114754099 0.563076923076923 0.016721311475409836 0.03230769230769231