0 0.437530622243998 0.4619140625 0.029887310142087214 0.0771484375
0 0.5536501714845664 0.46337890625 0.03331700146986771 0.07421875
0 0.5127388535031847 0.4609375 0.04703576678098971 0.0771484375
0 0.47035766780989713 0.4658203125 0.03870651641352278 0.064453125
0 0.6354728074473297 0.5380859375 0.030867221950024497 0.05859375
0 0.6408623223909848 0.4404296875 0.025477707006369428 0.033203125
0 0.5808427241548261 0.45458984375 0.016168544830965213 0.0615234375
0 0.32802547770700635 0.46484375 0.03282704556589907 0.0556640625
0 0.37677609015188634 0.44873046875 0.0171484566389025 0.0478515625
0 0.3525232729054385 0.44775390625 0.009799118079372856 0.052734375
1 0.32239098481136697 0.4365234375 0.02645761881430671 0.0556640625
1 0.6423321901028908 0.578125 0.01224889759921607 0.017578125