0 0.6442920137187653 0.552734375 0.030867221950024497 0.0751953125
0 0.6773640372366487 0.552734375 0.03674669279764821 0.0830078125
0 0.7550220480156786 0.54833984375 0.02939735423811857 0.0546875
0 0.7141107300342969 0.6142578125 0.037726604605585495 0.0546875
0 0.6692797648211661 0.6162109375 0.03674669279764821 0.0263671875
0 0.6313081822635963 0.677734375 0.024987751102400785 0.1123046875
0 0.3865752082312592 0.626953125 0.04703576678098971 0.0830078125
0 0.4723174914257717 0.56201171875 0.018618324350808426 0.0546875
0 0.3454189122978932 0.54736328125 0.048015678588927 0.0869140625
0 0.287359137677609 0.5400390625 0.05438510534051935 0.09375
1 0.2974032337089662 0.49951171875 0.02596766291033807 0.0263671875
1 0.2724154826065654 0.5458984375 0.02253797158255757 0.0322265625
1 0.35056344928956396 0.53515625 0.02596766291033807 0.044921875
1 0.6060754532092112 0.54931640625 0.007839294463498285 0.0703125