0 0.6886330230279275 0.49853515625 0.04262616364527193 0.0791015625
0 0.5825575698187163 0.51708984375 0.033806957373836356 0.048828125
0 0.3674669279764821 0.583984375 0.035276825085742286 0.0302734375
0 0.22733953944145027 0.4755859375 0.021558059774620286 0.0380859375
0 0.45492405683488485 0.5283203125 0.021558059774620286 0.0341796875
1 0.28319451249387556 0.4052734375 0.02449779519843214 0.0673828125
0 0.2748652621264086 0.52978515625 0.05193532582067614 0.0341796875
0 0.41058304752572267 0.451171875 0.025477707006369428 0.025390625
0 0.4845663890249878 0.48388671875 0.03184713375796178 0.021484375
0 0.6477217050465458 0.5126953125 0.013718765311121999 0.0185546875
1 0.40568348848603625 0.4677734375 0.01910828025477707 0.029296875