0 0.2273617229564366 0.50927734375 0.0381791483113069 0.0517578125
0 0.3144884973078806 0.5283203125 0.041116005873715125 0.072265625
0 0.2701908957415565 0.53369140625 0.027900146842878122 0.0439453125
0 0.6700930004894763 0.55126953125 0.056779246206558984 0.0439453125
0 0.7175721977484092 0.5048828125 0.03671071953010279 0.0576171875
0 0.7611355849241311 0.466796875 0.0381791483113069 0.06640625
0 0.7508565834557024 0.53076171875 0.04698972099853157 0.052734375
0 0.36637298091042586 0.59228515625 0.033284385707293196 0.0439453125
0 0.41067058247674987 0.552734375 0.011257953989231522 0.03125
0 0.41727851199216837 0.53564453125 0.008321096426823299 0.021484375
0 0.4410181106216349 0.53173828125 0.015173764072442487 0.03125
0 0.5161527165932452 0.5185546875 0.008321096426823299 0.0224609375
0 0.521781693587861 0.5126953125 0.010279001468428781 0.02734375
0 0.5430739109153206 0.52294921875 0.012236906510034264 0.0185546875
0 0.5526186979931473 0.52783203125 0.005873715124816446 0.015625
1 0.5438081253059227 0.50537109375 0.013705335291238374 0.0185546875
1 0.28830151737640725 0.58447265625 0.032305433186490456 0.060546875
1 0.25844346549192365 0.51123046875 0.02741067058247675 0.046875
1 0.4397944199706314 0.52783203125 0.006852667645619187 0.0322265625