0 0.6080352768250857 0.4892578125 0.02596766291033807 0.1044921875
0 0.7344439000489956 0.57275390625 0.07349338559529642 0.1171875
0 0.7121509064184224 0.49169921875 0.02596766291033807 0.0439453125
0 0.35595296423321904 0.51708984375 0.03674669279764821 0.0478515625
0 0.3860852523272905 0.5400390625 0.03821656050955414 0.0625
0 0.4211170994610485 0.54345703125 0.03233708966193043 0.0615234375
0 0.25698187163155317 0.52490234375 0.04997550220480157 0.09765625
0 0.30401763841254287 0.5751953125 0.03282704556589907 0.0625
0 0.6415972562469378 0.5322265625 0.034296913277805 0.0283203125
0 0.5436060754532092 0.51708984375 0.01910828025477707 0.05078125
1 0.6969622733953944 0.5263671875 0.025477707006369428 0.05859375