0 0.3603625673689368 0.50634765625 0.02792748652621264 0.048828125
0 0.3282704556589907 0.48291015625 0.04703576678098971 0.083984375
0 0.2827045565899069 0.474609375 0.044585987261146494 0.0595703125
0 0.698922097011269 0.46142578125 0.05536501714845664 0.072265625
0 0.6489465948064674 0.4912109375 0.04997550220480157 0.0732421875
0 0.6131798138167565 0.5263671875 0.021558059774620286 0.02734375
0 0.5774130328270456 0.5595703125 0.009799118079372856 0.041015625
0 0.6033806957373836 0.5322265625 0.018618324350808426 0.07421875
0 0.5605095541401274 0.5625 0.028417442430181284 0.0556640625
0 0.5056344928956394 0.5830078125 0.008819206271435572 0.046875
0 0.4965703086722195 0.58203125 0.0102890739833415 0.0439453125
0 0.4639882410583048 0.57958984375 0.016168544830965213 0.0595703125
0 0.4345908868201862 0.572265625 0.018128368446839783 0.0439453125
0 0.38167564919157276 0.53076171875 0.030377266046055854 0.0498046875
0 0.31406173444390006 0.6240234375 0.049485546300832926 0.076171875
0 0.6727094561489466 0.5888671875 0.033806957373836356 0.080078125
1 0.26849583537481625 0.58056640625 0.0171484566389025 0.0302734375