0 0.30181283684468396 0.5595703125 0.04262616364527193 0.0673828125
0 0.7028417442430182 0.4453125 0.0514453699167075 0.0615234375
0 0.6109750122488976 0.51806640625 0.049485546300832926 0.0634765625
0 0.6807937285644292 0.54443359375 0.04997550220480157 0.0576171875
0 0.6460068593826556 0.57275390625 0.03674669279764821 0.041015625
0 0.4973052425281725 0.587890625 0.013228809407153356 0.0263671875
0 0.4610485056344929 0.58154296875 0.022048015678588925 0.03515625
1 0.43165115139637433 0.56201171875 0.016168544830965213 0.0517578125
0 0.31969622733953945 0.46435546875 0.03968642822146007 0.0908203125
0 0.39073983341499263 0.5078125 0.043606075453209214 0.095703125
0 0.2748652621264086 0.482421875 0.04507594316511514 0.048828125