0 0.2927486526212641 0.458984375 0.06467417932386085 0.0888671875
0 0.29470847623713864 0.5693359375 0.06859382655561 0.1240234375
0 0.39416952474277317 0.4814453125 0.01224889759921607 0.029296875
0 0.5482606565409113 0.4658203125 0.016658500734933857 0.0224609375
0 0.5923566878980892 0.486328125 0.020088192062714356 0.0576171875
0 0.7101910828025477 0.4599609375 0.07300342969132778 0.1103515625
0 0.7236648701616855 0.533203125 0.07055365017148457 0.1103515625
0 0.5656540911317981 0.57958984375 0.030377266046055854 0.0732421875
0 0.5448309652131308 0.583984375 0.02645761881430671 0.1005859375
1 0.5320921117099461 0.56787109375 0.013228809407153356 0.0390625
0 0.4480646741793239 0.58251953125 0.014698677119059285 0.0400390625
0 0.43655071043606075 0.60400390625 0.008329250367466928 0.02734375
0 0.41572758451739344 0.59521484375 0.016658500734933857 0.0458984375
0 0.49632533072023516 0.5009765625 0.011268985791278784 0.0537109375
0 0.5139637432631063 0.451171875 0.023027927486526212 0.0400390625
0 0.47035766780989713 0.48291015625 0.03968642822146007 0.0537109375
1 0.40200881920627146 0.48095703125 0.011268985791278784 0.041015625