0 0.301077902988731 0.59375 0.024987751102400785 0.05859375
0 0.5063694267515924 0.5537109375 0.030377266046055854 0.1171875
0 0.6197942185203331 0.5283203125 0.03184713375796178 0.0810546875
0 0.6604605585497305 0.52685546875 0.014208721215090642 0.03125
0 0.7143557079862812 0.49365234375 0.03478686918177364 0.046875
0 0.7239098481136698 0.57666015625 0.028907398334149927 0.0458984375
1 0.45492405683488485 0.59130859375 0.008329250367466928 0.0283203125
1 0.4463498285154336 0.587890625 0.013228809407153356 0.0322265625
1 0.5997060264576188 0.5419921875 0.0102890739833415 0.0556640625
1 0.41278784909358157 0.6484375 0.009799118079372856 0.0283203125
1 0.38265556099951004 0.65966796875 0.006859382655560999 0.0146484375
1 0.2905438510534052 0.6083984375 0.01567858892699657 0.03515625
1 0.5428711415972562 0.58447265625 0.01910828025477707 0.0322265625
1 0.6041156295933366 0.66748046875 0.008819206271435572 0.037109375