0 0.26506614404703577 0.580078125 0.03870651641352278 0.0478515625
0 0.30401763841254287 0.62353515625 0.040666340029397355 0.046875
0 0.3503184713375796 0.5625 0.03331700146986771 0.0439453125
0 0.3885350318471338 0.564453125 0.03282704556589907 0.0478515625
0 0.4142577168054875 0.63427734375 0.022048015678588925 0.0419921875
0 0.437530622243998 0.5537109375 0.03331700146986771 0.111328125
0 0.445859872611465 0.62158203125 0.026947574718275354 0.0458984375
0 0.5629593336599706 0.59814453125 0.030377266046055854 0.0458984375
0 0.5886820186183244 0.64208984375 0.015188633023027927 0.046875
0 0.5999510044096031 0.59814453125 0.030867221950024497 0.0302734375
0 0.6758941695247428 0.5537109375 0.03723664870161685 0.04296875
1 0.5813326800587947 0.599609375 0.0171484566389025 0.0693359375
1 0.34860362567368935 0.5986328125 0.03135717785399314 0.0341796875
1 0.5051445369916707 0.5869140625 0.009309162175404213 0.03125
0 0.4745222929936306 0.5947265625 0.013228809407153356 0.0283203125