1 0.4941118743866536 0.60400390625 0.027968596663395486 0.0322265625
1 0.3891069676153091 0.53515625 0.01717369970559372 0.0400390625
1 0.6741903827281649 0.4921875 0.02551521099116781 0.04296875
1 0.7347890088321885 0.53515625 0.020608439646712464 0.0458984375
0 0.32188420019627084 0.55859375 0.042198233562315994 0.0703125
0 0.3282630029440628 0.4599609375 0.04563297350343474 0.0771484375
0 0.429342492639843 0.57666015625 0.01619234543670265 0.0458984375
0 0.408243375858685 0.55517578125 0.02649656526005888 0.0576171875
0 0.35893032384690876 0.61865234375 0.05691854759568204 0.0830078125
0 0.40407262021589796 0.63671875 0.03483807654563297 0.0439453125
0 0.46638861629048084 0.58740234375 0.028949950932286556 0.0537109375
0 0.5434249263984299 0.58154296875 0.008341511285574092 0.033203125
0 0.5635426889106968 0.57373046875 0.0068694798822374874 0.037109375
0 0.5726202158979392 0.56884765625 0.008341511285574092 0.0302734375
0 0.5905299313052012 0.56298828125 0.027968596663395486 0.0478515625
0 0.6248773307163886 0.53173828125 0.026987242394504417 0.0498046875
0 0.6602060843964671 0.5263671875 0.03974484789008832 0.046875
0 0.703631010794897 0.48974609375 0.01815505397448479 0.029296875
0 0.7112365063788028 0.53564453125 0.03042198233562316 0.052734375
0 0.6724730127576055 0.59130859375 0.03631010794896958 0.06640625
1 0.6648675171736997 0.5185546875 0.01226692836113837 0.029296875