0 0.416952474277315 0.55810546875 0.02253797158255757 0.0458984375
0 0.4069083782459579 0.6591796875 0.010779029887310143 0.015625
0 0.44145026947574717 0.66015625 0.013718765311121999 0.041015625
0 0.4826065654091132 0.56689453125 0.03968642822146007 0.09375
0 0.5232729054385106 0.56103515625 0.03968642822146007 0.0888671875
0 0.5590396864282214 0.52978515625 0.02939735423811857 0.1396484375
0 0.5930916217540422 0.51806640625 0.034296913277805 0.1376953125
0 0.6376776090151887 0.56591796875 0.04997550220480157 0.076171875
0 0.6883880450759432 0.55224609375 0.04556589906908378 0.0625
0 0.5881920627143558 0.69287109375 0.0171484566389025 0.0458984375
1 0.39759921607055365 0.5712890625 0.0171484566389025 0.0185546875
1 0.37677609015188634 0.525390625 0.021068103870651642 0.0283203125