1 0.3503184713375796 0.64697265625 0.025477707006369428 0.0380859375
1 0.4608035276825086 0.5341796875 0.016658500734933857 0.0263671875
1 0.438265556099951 0.546875 0.013718765311121999 0.0478515625
1 0.5470357667809898 0.52587890625 0.0240078392944635 0.0283203125
1 0.7077413032827046 0.64453125 0.030377266046055854 0.0458984375
0 0.4948554630083293 0.55615234375 0.010779029887310143 0.029296875
0 0.5237628613424792 0.54736328125 0.016168544830965213 0.0693359375
0 0.4872611464968153 0.55859375 0.020088192062714356 0.0595703125
0 0.45492405683488485 0.552734375 0.014698677119059285 0.03125
0 0.42601665850073495 0.54296875 0.011758941695247428 0.03125
1 0.24301812836844683 0.45654296875 0.037726604605585495 0.0625
1 0.7310142087212151 0.45263671875 0.03135717785399314 0.0546875