0 0.253062224399804 0.5712890625 0.035276825085742286 0.0341796875
0 0.27388535031847133 0.49462890625 0.033806957373836356 0.046875
0 0.3157765801077903 0.57958984375 0.0514453699167075 0.0595703125
0 0.7684958353748162 0.4716796875 0.049485546300832926 0.05078125
0 0.6641352278294953 0.49267578125 0.03184713375796178 0.08203125
0 0.6822635962763351 0.587890625 0.016658500734933857 0.0205078125
0 0.7422831945124939 0.56298828125 0.048015678588927 0.04296875
0 0.6474767270945615 0.61083984375 0.019598236158745713 0.0244140625
0 0.5396864282214601 0.53125 0.016168544830965213 0.0673828125
0 0.45369916707496327 0.52392578125 0.007839294463498285 0.0361328125
0 0.3740813326800588 0.51904296875 0.03184713375796178 0.0400390625
0 0.37114159725624696 0.6044921875 0.029887310142087214 0.0341796875
1 0.3527682508574228 0.59765625 0.011268985791278784 0.0458984375
1 0.49877511024007837 0.53955078125 0.011758941695247428 0.037109375
1 0.46496815286624205 0.52734375 0.009799118079372856 0.0322265625
1 0.5526702596766291 0.51904296875 0.013228809407153356 0.048828125