1 0.530347528144885 0.58203125 0.013215859030837005 0.0546875
1 0.49069995105237396 0.56494140625 0.011747430249632892 0.044921875
1 0.5048947626040137 0.5634765625 0.023984336759667158 0.046875
1 0.5504160548213411 0.5712890625 0.011257953989231522 0.0546875
1 0.566079295154185 0.58056640625 0.01860009789525208 0.0654296875
1 0.4769946157611356 0.65087890625 0.014194811551639746 0.04296875
0 0.5521292217327459 0.68310546875 0.0053842388644150755 0.021484375
0 0.2753303964757709 0.58203125 0.0465002447381302 0.07421875
0 0.40381791483113066 0.66455078125 0.023005384238864415 0.0478515625
1 0.688937836514929 0.64306640625 0.01860009789525208 0.03515625
1 0.5993636808614782 0.564453125 0.010768477728830151 0.021484375
1 0.575379344101811 0.6513671875 0.021047479197258932 0.029296875
1 0.5851688693098385 0.70166015625 0.007342143906020558 0.0283203125