0 0.2900538951494365 0.56787109375 0.02645761881430671 0.048828125
0 0.32288094071533563 0.62939453125 0.023027927486526212 0.048828125
0 0.40347868691817734 0.583984375 0.024987751102400785 0.0634765625
0 0.541156295933366 0.548828125 0.012738853503184714 0.119140625
0 0.5590396864282214 0.611328125 0.011758941695247428 0.046875
0 0.5752082312591866 0.58984375 0.013228809407153356 0.0283203125
0 0.5752082312591866 0.62646484375 0.01910828025477707 0.0400390625
0 0.37898089171974525 0.619140625 0.023027927486526212 0.0546875
0 0.6663400293973543 0.6083984375 0.05977462028417443 0.0732421875
0 0.7116609505144537 0.556640625 0.022048015678588925 0.0322265625
0 0.6771190592846644 0.53271484375 0.014698677119059285 0.048828125
0 0.29593336599706027 0.51513671875 0.041156295933366 0.0634765625
0 0.3373346398824106 0.5458984375 0.0514453699167075 0.0517578125
0 0.6607055365017148 0.55517578125 0.03821656050955414 0.041015625